1 0.00000000e+00 0.00000000e+00 
2 0.00000000e+00 0.00000000e+00 
3 1.16534421e-04 2.34573004e-04 
4 -2.01025878e-03 1.68011765e-03 
5 -3.79088691e-03 2.43268811e-03 
6 -5.72655592e-03 3.47509611e-03 
7 -6.04746725e-02 4.00402421e-02 
8 -6.69989641e-02 4.60359968e-02 
9 0.00000000e+00 0.00000000e+00 
10 0.00000000e+00 0.00000000e+00 
11 0.00000000e+00 0.00000000e+00 
12 0.00000000e+00 0.00000000e+00 
13 0.00000000e+00 0.00000000e+00 
14 6.19012047e-05 7.14910712e-05 
15 1.09379881e-04 1.55600688e-04 
16 7.89194549e-05 2.45972662e-04 
17 6.70784196e-05 3.14469200e-04 
18 9.75702529e-06 5.10371710e-04 
19 -4.13114690e-04 9.14081275e-04 
20 -5.56370871e-02 3.89290752e-02 
21 -5.17481415e-02 3.61892918e-02 
22 -4.81998125e-02 3.35189275e-02 
23 -4.46734255e-02 3.09783288e-02 
24 -4.11562461e-02 2.84496909e-02 
25 -3.76380578e-02 2.59258646e-02 
26 -3.41195076e-02 2.34025320e-02 
27 -3.06008755e-02 2.08791750e-02 
28 -2.70822517e-02 1.83557895e-02 
29 -2.35637192e-02 1.58323517e-02 
30 -2.00455574e-02 1.33087950e-02 
31 -1.65285220e-02 1.07866459e-02 
32 -1.30144443e-02 8.28114762e-03 
33 -9.49278963e-03 5.82443526e-03 
34 -6.22423938e-02 4.39150871e-02 
35 -6.00603883e-02 4.21655030e-02 
36 -3.90986187e-03 2.26833789e-03 
37 -8.15599421e-03 4.39220709e-03 
38 -1.20477403e-02 6.79562233e-03 
39 -1.57171988e-02 9.40057666e-03 
40 -1.92700280e-02 1.19638406e-02 
41 -2.28117122e-02 1.45092918e-02 
42 -2.63487935e-02 1.70500474e-02 
43 -2.98873715e-02 1.95876070e-02 
44 -3.34262033e-02 2.21253438e-02 
45 -3.69650767e-02 2.46631936e-02 
46 -4.05039441e-02 2.72010845e-02 
47 -4.40427600e-02 2.97390049e-02 
48 -4.75814278e-02 3.22767479e-02 
49 -5.11200637e-02 3.48110581e-02 
50 -5.46588139e-02 3.73119309e-02 
51 -5.82974216e-02 3.98176977e-02 
52 -6.21368973e-02 4.20818205e-02 
53 0.00000000e+00 0.00000000e+00 
54 0.00000000e+00 0.00000000e+00 
55 -3.05493272e-03 1.22515496e-03 
56 -5.57081793e-03 2.83461576e-03 
57 -8.50843319e-03 4.97911305e-03 
58 -1.08363295e-03 4.72728032e-04 
59 -4.41545473e-03 1.47434934e-03 
60 -1.37567708e-03 -3.26676830e-05 
61 5.82295049e-05 6.93081818e-05 
62 -2.66153344e-03 7.59177414e-04 
63 -5.81198335e-02 4.07517285e-02 
64 -1.98657216e-03 1.34448830e-04 
65 -7.29403848e-03 3.58026285e-03 
66 -6.43184165e-04 -2.96531316e-04 
67 -9.30387020e-05 1.29963042e-04 
68 7.86644105e-05 1.60860005e-04 
69 -1.23102356e-02 7.56581179e-03 
70 -1.07857428e-02 6.20230765e-03 
71 -3.17229994e-03 6.87673042e-04 
72 -5.33727151e-03 2.01203745e-03 
73 -6.65949563e-04 -8.17341230e-05 
74 7.19035598e-05 1.60784175e-04 
75 -1.77632428e-04 -2.25561803e-04 
76 -3.16493265e-02 2.13717246e-02 
77 -5.48236511e-02 3.83367179e-02 
78 -5.20938463e-02 3.60500554e-02 
79 -4.81844905e-02 3.32990852e-02 
80 -4.55584109e-02 3.13638770e-02 
81 -4.21699296e-02 2.89191764e-02 
82 -3.86897546e-02 2.64210777e-02 
83 -3.51576889e-02 2.38876381e-02 
84 -2.81008888e-02 1.88268316e-02 
85 -2.45659814e-02 1.62914169e-02 
86 -2.09749713e-02 1.37090880e-02 
87 -1.70585671e-02 1.08717494e-02 
88 -3.25593520e-02 2.17640592e-02 
89 -3.60918474e-02 2.42974073e-02 
90 -3.96196966e-02 2.68275040e-02 
91 -4.31395354e-02 2.93524743e-02 
92 -4.66603317e-02 3.18863178e-02 
93 -5.04041987e-02 3.45956578e-02 
94 -5.43839886e-02 3.73481338e-02 
95 -5.71653333e-03 2.57056114e-03 
96 -1.52816880e-02 9.35153801e-03 
97 -1.93041095e-02 1.21880228e-02 
98 -2.20115509e-02 1.41813224e-02 
99 -2.54721215e-02 1.66771621e-02 
100 -2.90020310e-02 1.92120746e-02 
101 -8.84803791e-03 4.54391484e-03 
102 -5.65735104e-02 3.89828873e-02 
103 4.36659964e-05 2.55269472e-05 
104 -1.25408755e-02 7.25933807e-03 
105 1.26048366e-05 -6.62690768e-05 
