1 ; 1.73507748e-01 ; -1.64563141e+00 
2 ; 1.73345353e-01 ; -1.57516207e+00 
3 ; 1.72881960e-01 ; -1.50504916e+00 
4 ; 1.72153300e-01 ; -1.43521118e+00 
5 ; 1.71153154e-01 ; -1.36572784e+00 
6 ; 1.69875076e-01 ; -1.29670393e+00 
7 ; 1.68315283e-01 ; -1.22825081e+00 
8 ; 1.66471856e-01 ; -1.16048186e+00 
9 ; 1.64343904e-01 ; -1.09351103e+00 
10 ; 1.61931045e-01 ; -1.02745244e+00 
11 ; 1.59233130e-01 ; -9.62420200e-01 
12 ; 1.56250106e-01 ; -8.98528391e-01 
13 ; 1.52981961e-01 ; -8.35891083e-01 
14 ; 1.49428693e-01 ; -7.74622336e-01 
15 ; 1.45590303e-01 ; -7.14836198e-01 
16 ; 1.41466793e-01 ; -6.56646719e-01 
17 ; 1.37058164e-01 ; -6.00167945e-01 
18 ; 1.32364417e-01 ; -5.45513925e-01 
19 ; 1.27385552e-01 ; -4.92798707e-01 
20 ; 1.22121571e-01 ; -4.42136339e-01 
21 ; 1.16572478e-01 ; -3.93640872e-01 
22 ; 1.10738281e-01 ; -3.47426356e-01 
23 ; 1.04618999e-01 ; -3.03606834e-01 
24 ; 9.82146705e-02 ; -2.62296332e-01 
25 ; 9.15253624e-02 ; -2.23608821e-01 
26 ; 8.45511771e-02 ; -1.87658142e-01 
27 ; 7.72922250e-02 ; -1.54557875e-01 
28 ; 6.97485023e-02 ; -1.24421127e-01 
29 ; 6.19195269e-02 ; -9.73603282e-02 
30 ; 5.38034841e-02 ; -7.34873440e-02 
31 ; 4.53956562e-02 ; -5.29146240e-02 
32 ; 3.66869799e-02 ; -3.57574925e-02 
33 ; 2.76687641e-02 ; -2.21289191e-02 
34 ; 1.83547608e-02 ; -1.20912481e-02 
35 ; 8.85069739e-03 ; -5.42659203e-03 
36 ; 0.00000000e+00 ; 0.00000000e+00 
37 ; 1.03606905e-01 ; -1.64537969e+00 
38 ; 1.03482150e-01 ; -1.57506143e+00 
39 ; 1.03255011e-01 ; -1.50486946e+00 
40 ; 1.02848392e-01 ; -1.43493890e+00 
41 ; 1.02265004e-01 ; -1.36536008e+00 
42 ; 1.01507920e-01 ; -1.29623945e+00 
43 ; 1.00578622e-01 ; -1.22768901e+00 
44 ; 9.94777578e-02 ; -1.15982247e+00 
45 ; 9.82056045e-02 ; -1.09275395e+00 
46 ; 9.67622822e-02 ; -1.02659761e+00 
47 ; 9.51478440e-02 ; -9.61467613e-01 
48 ; 9.33623142e-02 ; -8.97478045e-01 
49 ; 9.14057038e-02 ; -8.34742980e-01 
50 ; 8.92780183e-02 ; -7.73376476e-01 
51 ; 8.69792602e-02 ; -7.13492583e-01 
52 ; 8.45094307e-02 ; -6.55205348e-01 
53 ; 8.18685302e-02 ; -5.98628820e-01 
54 ; 7.90565592e-02 ; -5.43877045e-01 
55 ; 7.60735174e-02 ; -4.91064071e-01 
56 ; 7.29194044e-02 ; -4.40303947e-01 
57 ; 6.95942193e-02 ; -3.91710723e-01 
58 ; 6.60979597e-02 ; -3.45398448e-01 
59 ; 6.24306209e-02 ; -3.01481166e-01 
60 ; 5.85921947e-02 ; -2.60072905e-01 
61 ; 5.45826684e-02 ; -2.21287647e-01 
62 ; 5.04020260e-02 ; -1.85239261e-01 
63 ; 4.60502542e-02 ; -1.52041378e-01 
64 ; 4.15273526e-02 ; -1.21807180e-01 
65 ; 3.68333264e-02 ; -9.46491272e-02 
66 ; 3.19680575e-02 ; -7.06788012e-02 
67 ; 2.69307379e-02 ; -5.00075226e-02 
68 ; 2.17183155e-02 ; -3.27492093e-02 
69 ; 1.63244654e-02 ; -1.90266310e-02 
70 ; 1.07597481e-02 ; -8.96591643e-03 
71 ; 5.14480181e-03 ; -2.64009685e-03 
72 ; 0.00000000e+00 ; 0.00000000e+00 
73 ; 3.42276162e-02 ; -1.64518877e+00 
74 ; 3.41654064e-02 ; -1.57499539e+00 
75 ; 3.40985540e-02 ; -1.50480284e+00 
76 ; 3.39814530e-02 ; -1.43482519e+00 
77 ; 3.38014130e-02 ; -1.36519437e+00 
78 ; 3.35598599e-02 ; -1.29602252e+00 
79 ; 3.32588685e-02 ; -1.22742189e+00 
80 ; 3.28997011e-02 ; -1.15950580e+00 
81 ; 3.24830044e-02 ; -1.09238809e+00 
82 ; 3.20090815e-02 ; -1.02618274e+00 
83 ; 3.14780634e-02 ; -9.61003812e-01 
84 ; 3.08900018e-02 ; -8.96965348e-01 
85 ; 3.02449146e-02 ; -8.34181400e-01 
86 ; 2.95428062e-02 ; -7.72766017e-01 
87 ; 2.87836771e-02 ; -7.12833247e-01 
88 ; 2.79675262e-02 ; -6.54497136e-01 
89 ; 2.70943528e-02 ; -5.97871730e-01 
90 ; 2.61641560e-02 ; -5.43071077e-01 
91 ; 2.51769344e-02 ; -4.90209224e-01 
92 ; 2.41326860e-02 ; -4.39400218e-01 
93 ; 2.30314063e-02 ; -3.90758106e-01 
94 ; 2.18730873e-02 ; -3.44396936e-01 
95 ; 2.06577156e-02 ; -3.00430751e-01 
96 ; 1.93852727e-02 ; -2.58973584e-01 
97 ; 1.80557434e-02 ; -2.20139448e-01 
98 ; 1.66691442e-02 ; -1.84042298e-01 
99 ; 1.52256027e-02 ; -1.50795976e-01 
100 ; 1.37255341e-02 ; -1.20514086e-01 
101 ; 1.21699871e-02 ; -9.33097978e-02 
102 ; 1.05611913e-02 ; -6.92955362e-02 
103 ; 8.90311361e-03 ; -4.85827055e-02 
104 ; 7.20095123e-03 ; -3.12824985e-02 
105 ; 5.45583779e-03 ; -1.75141441e-02 
106 ; 3.64768881e-03 ; -7.44954311e-03 
107 ; 1.77645612e-03 ; -1.39248903e-03 
108 ; 0.00000000e+00 ; 0.00000000e+00 
109 ; -3.49923961e-02 ; -1.64520417e+00 
110 ; -3.49607331e-02 ; -1.57500563e+00 
111 ; -3.48759004e-02 ; -1.50482768e+00 
112 ; -3.47253151e-02 ; -1.43485551e+00 
113 ; -3.45141417e-02 ; -1.36522369e+00 
114 ; -3.42458006e-02 ; -1.29605003e+00 
115 ; -3.39209147e-02 ; -1.22744811e+00 
116 ; -3.35393679e-02 ; -1.15953131e+00 
117 ; -3.31009749e-02 ; -1.09241325e+00 
118 ; -3.26056192e-02 ; -1.02620775e+00 
119 ; -3.20532475e-02 ; -9.61028766e-01 
120 ; -3.14438421e-02 ; -8.96990287e-01 
121 ; -3.07774010e-02 ; -8.34206338e-01 
122 ; -3.00539273e-02 ; -7.72790959e-01 
123 ; -2.92734243e-02 ; -7.12858191e-01 
124 ; -2.84358946e-02 ; -6.54522081e-01 
125 ; -2.75413400e-02 ; -5.97896676e-01 
126 ; -2.65897615e-02 ; -5.43096023e-01 
127 ; -2.55811604e-02 ; -4.90234167e-01 
128 ; -2.45155383e-02 ; -4.39425156e-01 
129 ; -2.33928981e-02 ; -3.90783034e-01 
130 ; -2.22132443e-02 ; -3.44421848e-01 
131 ; -2.09765832e-02 ; -3.00455642e-01 
132 ; -1.96829190e-02 ; -2.58998465e-01 
133 ; -1.83322410e-02 ; -2.20164377e-01 
134 ; -1.69244870e-02 ; -1.84067463e-01 
135 ; -1.54594525e-02 ; -1.50821865e-01 
136 ; -1.39365869e-02 ; -1.20541817e-01 
137 ; -1.23545748e-02 ; -9.33416391e-02 
138 ; -1.07105508e-02 ; -6.93355377e-02 
139 ; -8.99881065e-03 ; -4.86367526e-02 
140 ; -7.20929638e-03 ; -3.13552206e-02 
141 ; -5.32877549e-03 ; -1.75941903e-02 
142 ; -3.36356581e-03 ; -7.46607736e-03 
143 ; -1.49318812e-03 ; -1.31691899e-03 
144 ; 0.00000000e+00 ; 0.00000000e+00 
145 ; -1.04392362e-01 ; -1.64543196e+00 
146 ; -1.04254194e-01 ; -1.57510418e+00 
147 ; -1.03999488e-01 ; -1.50494641e+00 
148 ; -1.03573046e-01 ; -1.43502445e+00 
149 ; -1.02969152e-01 ; -1.36544402e+00 
150 ; -1.02190669e-01 ; -1.29631986e+00 
151 ; -1.01239774e-01 ; -1.22776671e+00 
152 ; -1.00117362e-01 ; -1.15989858e+00 
153 ; -9.88237349e-02 ; -1.09282927e+00 
154 ; -9.73589867e-02 ; -1.02667259e+00 
155 ; -9.57231470e-02 ; -9.61542470e-01 
156 ; -9.39162263e-02 ; -8.97552868e-01 
157 ; -9.19382295e-02 ; -8.34817802e-01 
158 ; -8.97891592e-02 ; -7.73451304e-01 
159 ; -8.74690168e-02 ; -7.13567417e-01 
160 ; -8.49778032e-02 ; -6.55280186e-01 
161 ; -8.23155187e-02 ; -5.98703659e-01 
162 ; -7.94821636e-02 ; -5.43951883e-01 
163 ; -7.64777377e-02 ; -4.91138904e-01 
164 ; -7.33022408e-02 ; -4.40378768e-01 
165 ; -6.99556718e-02 ; -3.91785520e-01 
166 ; -6.64380288e-02 ; -3.45473206e-01 
167 ; -6.27493074e-02 ; -3.01555874e-01 
168 ; -5.88894989e-02 ; -2.60147586e-01 
169 ; -5.48585861e-02 ; -2.21362436e-01 
170 ; -5.06565359e-02 ; -1.85314598e-01 
171 ; -4.62832843e-02 ; -1.52118416e-01 
172 ; -4.17387040e-02 ; -1.21888549e-01 
173 ; -3.70225269e-02 ; -9.47401431e-02 
174 ; -3.21341452e-02 ; -7.07888524e-02 
175 ; -2.70720948e-02 ; -5.01500308e-02 
176 ; -2.18327490e-02 ; -3.29351326e-02 
177 ; -1.64073714e-02 ; -1.92396819e-02 
178 ; -1.07782150e-02 ; -9.10618738e-03 
179 ; -4.95202015e-03 ; -2.43229569e-03 
180 ; 0.00000000e+00 ; 0.00000000e+00 
181 ; -1.74352922e-01 ; -1.64577727e+00 
182 ; -1.74048234e-01 ; -1.57526827e+00 
183 ; -1.73580531e-01 ; -1.50516557e+00 
184 ; -1.72854100e-01 ; -1.43533833e+00 
185 ; -1.71846998e-01 ; -1.36585790e+00 
186 ; -1.70554263e-01 ; -1.29683293e+00 
187 ; -1.68975633e-01 ; -1.22837805e+00 
188 ; -1.67111553e-01 ; -1.16060780e+00 
189 ; -1.64962296e-01 ; -1.09363626e+00 
190 ; -1.62527961e-01 ; -1.02757734e+00 
191 ; -1.59808562e-01 ; -9.62544961e-01 
192 ; -1.56804086e-01 ; -8.98653113e-01 
193 ; -1.53514519e-01 ; -8.36015802e-01 
194 ; -1.49939847e-01 ; -7.74747059e-01 
195 ; -1.46080064e-01 ; -7.14960928e-01 
196 ; -1.41935167e-01 ; -6.56771452e-01 
197 ; -1.37505154e-01 ; -6.00292680e-01 
198 ; -1.32790023e-01 ; -5.45638658e-01 
199 ; -1.27789774e-01 ; -4.92923434e-01 
200 ; -1.22504405e-01 ; -4.42261054e-01 
201 ; -1.16933913e-01 ; -3.93765563e-01 
202 ; -1.11078291e-01 ; -3.47551009e-01 
203 ; -1.04937526e-01 ; -3.03731442e-01 
204 ; -9.85116037e-02 ; -2.62420928e-01 
205 ; -9.18005079e-02 ; -2.23733561e-01 
206 ; -8.48042594e-02 ; -1.87783508e-01 
207 ; -7.75230102e-02 ; -1.54685075e-01 
208 ; -6.99572950e-02 ; -1.24552796e-01 
209 ; -6.21086186e-02 ; -9.75015020e-02 
210 ; -5.39807163e-02 ; -7.36461000e-02 
211 ; -4.55820360e-02 ; -5.31003591e-02 
212 ; -3.69301213e-02 ; -3.59725986e-02 
213 ; -2.80578663e-02 ; -2.23522674e-02 
214 ; -1.90161389e-02 ; -1.22662546e-02 
215 ; -9.83032839e-03 ; -5.49083263e-03 
216 ; 0.00000000e+00 ; 0.00000000e+00 
